1739492887 1875356350
1
sift 56
425 413
5 3
291 235
12 5
15 9
14 15
27 7
37 19
39 21
43 22
47 23
50 27
85 33
64 39
60 51
74 50
80 67
91 55
102 47
119 78
130 83
142 87
166 93
171 109
187 114
179 119
225 130
213 138
227 137
210 158
241 150
267 167
271 170
282 171
244 192
295 174
289 187
316 181
279 214
362 190
354 205
342 226
411 195
343 237
349 231
384 207
415 210
372 254
270 301
396 287
378 293
403 285
321 332
345 336
404 375
419 431
1739492887 2015013291
1
sift 100
425 371
12 9
14 7
22 5
15 11
49 10
43 16
55 19
56 21
60 18
57 22
62 28
52 31
53 30
63 29
61 34
71 27
66 32
70 35
40 54
64 45
74 39
68 48
73 46
80 42
76 50
86 56
85 57
78 62
92 60
116 59
113 66
103 72
108 88
122 81
119 82
134 89
130 97
144 99
136 106
148 103
161 95
143 112
170 104
166 111
167 115
158 134
180 128
194 118
199 146
238 139
221 153
210 165
225 156
249 160
253 161
228 175
241 176
232 186
266 171
299 168
264 180
243 216
309 173
271 188
224 255
279 193
293 190
357 177
313 191
218 302
295 219
234 295
321 207
289 231
282 241
383 196
291 249
269 264
386 199
408 198
287 266
366 224
356 238
343 257
420 222
410 242
409 246
405 247
413 243
395 252
369 276
379 277
345 348
394 309
417 301
415 332
403 373
384 394
411 379
1875356350 2015013291
1
sift 75
15 7
22 16
27 33
20 54
53 31
39 45
49 40
67 42
36 70
42 74
48 72
78 82
83 97
95 83
88 112
101 100
93 111
97 148
117 127
116 144
130 156
136 175
156 164
150 176
166 171
153 206
162 200
168 228
174 219
176 213
171 241
191 214
185 232
248 239
237 257
205 291
239 263
182 419
210 332
264 279
194 378
271 251
332 207
287 253
207 394
268 297
225 377
289 273
256 343
201 463
258 443
251 454
276 356
353 267
285 373
284 393
293 396
294 407
341 325
350 321
301 405
336 348
366 324
320 388
315 402
309 421
355 376
418 338
382 385
395 411
437 361
426 403
427 437
435 427
438 417
