
;;;      0  1  2  3  4  5  6  7     8  9  A  B  C  D  E  F
0000    01 1B 06 01 01 00 04 17     02 01 00 03 05 00 19 17     ;
0010    01 60 19 01 2E 1C 01 00     1E 01 05 24 0B 01 00 00     ;
0020    00 00 00 00 07 00 01 00     04 01 00 10 02 0E 02 0A     ;
0030    06 0A 09 4D 43 48 50 20     42 4D 38 33 0B 01 00 03     ;
0040    0B 01 01 0D 02 00 12 01     04 3F 60 09 86 0D 0A 00     ;
0050    03 16 FF 40 F0 00 40 00     00 0E 01 00 C0 01 BE 01     ;
0060    00 00 1F 23 47 EB 5F 00     01 00 00 00 01 00 00 10     ;
0070    10 08 60 01 00 00 1F 11     23 EB 5F 00 01 00 00 00     ;
0080    01 00 00 10 10 08 60 01     00 00 1F 05 0B EB 5F 00     ;
0090    01 00 00 00 01 00 00 10     10 08 60 01 00 00 1F 05     ;
00A0    0B EB 5F 00 01 00 00 00     01 00 00 10 10 08 60 01     ;
00B0    00 00 1F 05 05 EB 5F 00     01 00 00 00 01 00 00 10     ;
00C0    10 08 60 01 00 00 1F 05     05 EB 5F 00 01 00 00 00     ;

;;;      0  1  2  3  4  5  6  7     8  9  A  B  C  D  E  F
00D0    01 00 00 10 10 08 60 12     03 E9 06 40 12 03 E9 06     ;
00E0    40 11 03 F4 1E 40 12 03     E9 06 40 11 03 F4 1E 40     ;
00F0    12 03 E9 06 40 01 00 00     1F 05 0B EB 5F 00 01 00     ;
0100    00 00 01 00 00 10 10 08     60 01 00 00 1F 05 0B EB     ;
0110    5F 00 01 00 00 00 01 00     00 10 10 08 60         ;
