
;;;      0  1  2  3  4  5  6  7     8  9  A  B  C  D  E  F
0000    01 1B 07 01 03 00 0A 0B     01 42 10 01 00 17 02 02     ;
0010    00 02 01 00 03 18 01 01     03 05 00 19 17 01 60 1B     ;
0020    01 4C 1C 01 00 1E 01 05     24 0B 01 00 00 00 00 00     ;
0030    00 07 00 01 00 04 02 00     0F 02 0A 09 09 4D 43 48     ;
0040    50 20 42 4D 38 0C 01 15     0B 01 00 03 0B 01 01 0D     ;
0050    01 00 06 01 04 3F 60 09     86 0E 01 00 C0 01 BE 00     ;
0060    00 00 1F 00 47 EB 1F 00     01 00 00 00 01 00 00 10     ;
0070    10 00 60 00 00 00 1F 00     23 EB 1F 00 01 00 00 00     ;
0080    01 00 00 10 10 00 60 00     00 00 1F 00 0B EB 1F 00     ;
0090    01 00 00 00 01 00 00 10     10 00 60 00 00 00 1F 00     ;
00A0    0B EB 1F 00 01 00 00 00     01 00 00 10 10 00 60 00     ;
00B0    00 00 1F 00 05 EB 1F 00     01 00 00 00 01 00 00 10     ;
00C0    10 00 60 00 00 00 1F 00     05 EB 1F 00 01 00 00 00     ;

;;;      0  1  2  3  4  5  6  7     8  9  A  B  C  D  E  F
00D0    01 00 00 10 10 00 60 12     03 E9 06 40 12 03 E9 06     ;
00E0    40 11 03 F4 1E 40 12 03     E9 06 40 11 03 F4 1E 40     ;
00F0    12 03 E9 06 40 00 00 00     1F 00 0B EB 1F 00 01 00     ;
0100    00 00 01 00 00 10 10 00     60 00 00 00 1F 00 0B EB     ;
0110    1F 00 01 00 00 00 01 00     00 10 10 00 60         ;
