20455773 136314038 160486800 282548764 323167612 394590645 510607587 614660772 746792408 785519142 1020074247 1049429640 1104676139 1164619235 1283968274 1311600941 1343242448 1430520676 1446341273 1539772914 1739492887 1822323831 1860028773 1865439864 1875356350 1886369179 1898130451 1940359100 2015013291
136314038 160486800 282548764 323167612 394590645 510607587 614660772 746792408 785519142 1020074247 1049429640 1104676139 1164619235 1283968274 1311600941 1343242448 1430520676 1446341273 1539772914 1739492887 1822323831 1860028773 1865439864 1875356350 1886369179 1898130451 1940359100 2015013291
160486800 282548764 323167612 394590645 510607587 614660772 746792408 785519142 1020074247 1049429640 1104676139 1164619235 1283968274 1311600941 1343242448 1430520676 1446341273 1539772914 1739492887 1822323831 1860028773 1865439864 1875356350 1886369179 1898130451 1940359100 2015013291
282548764 323167612 394590645 510607587 614660772 746792408 785519142 1020074247 1049429640 1104676139 1164619235 1283968274 1311600941 1343242448 1430520676 1446341273 1539772914 1739492887 1822323831 1860028773 1865439864 1875356350 1886369179 1898130451 1940359100 2015013291
323167612 394590645 510607587 614660772 746792408 785519142 1020074247 1049429640 1104676139 1164619235 1283968274 1311600941 1343242448 1430520676 1446341273 1539772914 1739492887 1822323831 1860028773 1865439864 1875356350 1886369179 1898130451 1940359100 2015013291
394590645 510607587 614660772 746792408 785519142 1020074247 1049429640 1104676139 1164619235 1283968274 1311600941 1343242448 1430520676 1446341273 1539772914 1739492887 1822323831 1860028773 1865439864 1875356350 1886369179 1898130451 1940359100 2015013291
510607587 614660772 746792408 785519142 1020074247 1049429640 1104676139 1164619235 1283968274 1311600941 1343242448 1430520676 1446341273 1539772914 1739492887 1822323831 1860028773 1865439864 1875356350 1886369179 1898130451 1940359100 2015013291
614660772 746792408 785519142 1020074247 1049429640 1104676139 1164619235 1283968274 1311600941 1343242448 1430520676 1446341273 1539772914 1739492887 1822323831 1860028773 1865439864 1875356350 1886369179 1898130451 1940359100 2015013291
746792408 785519142 1020074247 1049429640 1104676139 1164619235 1283968274 1311600941 1343242448 1430520676 1446341273 1539772914 1739492887 1822323831 1860028773 1865439864 1875356350 1886369179 1898130451 1940359100 2015013291
785519142 1020074247 1049429640 1104676139 1164619235 1283968274 1311600941 1343242448 1430520676 1446341273 1539772914 1739492887 1822323831 1860028773 1865439864 1875356350 1886369179 1898130451 1940359100 2015013291
1020074247 1049429640 1104676139 1164619235 1283968274 1311600941 1343242448 1430520676 1446341273 1539772914 1739492887 1822323831 1860028773 1865439864 1875356350 1886369179 1898130451 1940359100 2015013291
1049429640 1104676139 1164619235 1283968274 1311600941 1343242448 1430520676 1446341273 1539772914 1739492887 1822323831 1860028773 1865439864 1875356350 1886369179 1898130451 1940359100 2015013291
1104676139 1164619235 1283968274 1311600941 1343242448 1430520676 1446341273 1539772914 1739492887 1822323831 1860028773 1865439864 1875356350 1886369179 1898130451 1940359100 2015013291
1164619235 1283968274 1311600941 1343242448 1430520676 1446341273 1539772914 1739492887 1822323831 1860028773 1865439864 1875356350 1886369179 1898130451 1940359100 2015013291
1283968274 1311600941 1343242448 1430520676 1446341273 1539772914 1739492887 1822323831 1860028773 1865439864 1875356350 1886369179 1898130451 1940359100 2015013291
1311600941 1343242448 1430520676 1446341273 1539772914 1739492887 1822323831 1860028773 1865439864 1875356350 1886369179 1898130451 1940359100 2015013291
1343242448 1430520676 1446341273 1539772914 1739492887 1822323831 1860028773 1865439864 1875356350 1886369179 1898130451 1940359100 2015013291
1430520676 1446341273 1539772914 1739492887 1822323831 1860028773 1865439864 1875356350 1886369179 1898130451 1940359100 2015013291
1446341273 1539772914 1739492887 1822323831 1860028773 1865439864 1875356350 1886369179 1898130451 1940359100 2015013291
1539772914 1739492887 1822323831 1860028773 1865439864 1875356350 1886369179 1898130451 1940359100 2015013291
1739492887 1822323831 1860028773 1865439864 1875356350 1886369179 1898130451 1940359100 2015013291
1822323831 1860028773 1865439864 1875356350 1886369179 1898130451 1940359100 2015013291
1860028773 1865439864 1875356350 1886369179 1898130451 1940359100 2015013291
1865439864 1875356350 1886369179 1898130451 1940359100 2015013291
1875356350 1886369179 1898130451 1940359100 2015013291
1886369179 1898130451 1940359100 2015013291
1898130451 1940359100 2015013291
1940359100 2015013291
