2026061171 2050995335
1
sift 76
4764 1014
169 162
247 1429
419 320
456 232
8786 1808
566 313
548 413
880 269
661 356
664 367
872 435
797 404
453 637
1474 580
691 495
818 513
1533 684
726 561
758 542
3620 1288
582 695
793 547
3140 1474
854 575
816 626
3347 1428
786 663
909 639
3489 1620
778 808
1171 705
4134 1696
827 989
962 906
8309 3008
1383 724
912 1153
9043 3958
940 1137
1133 987
1206 969
1708 789
1408 1124
1227 1343
1515 1086
1426 1304
1677 1238
1234 1775
2083 1100
2053 1255
2891 1308
2332 1801
3103 1636
3014 1707
2651 1826
2280 2104
2491 2156
2718 2225
3354 2052
3099 2451
3314 2435
3937 2330
2790 3032
5091 2689
5617 2762
7720 2789
7680 3043
6125 3675
7789 3244
6370 3754
7507 3622
8351 3507
8730 3538
6942 5144
9161 8473
2026061171 2115999314
1
sift 257
238 361
588 188
578 223
979 208
403 518
671 315
628 356
541 531
598 476
383 813
678 474
1152 333
593 604
1998 277
1177 367
1154 397
1565 326
1147 416
1021 487
945 569
1556 414
1394 464
700 850
2347 349
1991 390
838 770
1745 445
1658 471
1065 658
972 708
1012 704
1109 696
836 965
1140 726
2100 477
1668 618
3112 424
1722 673
1331 823
2325 584
1228 1031
2130 632
1362 927
1633 806
683 2258
4871 479
1578 953
1044 1521
2020 761
1501 1123
1694 1065
1752 1057
2577 762
1850 1055
2509 797
1036 2391
4849 672
1635 1515
1566 1625
2747 1014
2055 1313
2448 1126
1490 1935
1774 1698
2753 1124
5025 807
2328 1379
4893 863
1679 2167
2179 1679
1987 1863
2583 1586
2174 1879
2467 1763
2123 2098
3521 1425
5337 1144
2779 1831
5078 1218
3116 1708
4540 1403
3992 1540
1853 3466
4616 1477
2714 2236
5348 1499
4040 1820
2985 2302
5465 1594
2277 3299
2470 3044
2679 2884
7442 1364
2766 3022
2211 3856
2335 3958
7863 1471
3893 2517
3156 3257
2236 4927
4113 2871
3425 3333
3994 2975
3556 3303
8767 1650
6337 2130
5392 2479
5648 2406
4613 2987
2702 5001
4235 3377
2871 4814
8477 1917
2808 5178
4842 3392
5547 3058
6754 2716
5347 3423
5172 3508
4853 3668
4484 4237
4173 4464
4305 4419
7711 2691
7776 2708
5054 4528
5619 4213
8606 2815
4949 4872
6202 4064
5557 4418
5484 4494
3636 6266
3605 6492
6115 4386
8737 3101
4123 6108
5286 5147
4679 5735
4470 6011
7751 3823
7480 4039
3997 6888
4453 6466
7443 4287
5992 5391
6015 5544
5092 6281
8548 3983
5420 6155
9109 3512
6075 5749
4722 7110
5491 6358
7463 4893
7257 5047
5221 6732
4771 7239
4431 7737
8198 4581
5332 6865
8446 4452
6094 6256
8546 4508
5137 7247
8356 4718
8460 4693
5173 7484
8228 4916
7444 5420
7940 5118
8612 4671
5927 6762
6784 5948
5456 7341
8138 5122
9606 4946
6181 6629
4595 8507
7873 5341
6948 6079
5934 7109
5399 7756
5410 7781
8832 4832
4761 8723
7624 5815
6991 6320
8311 5593
8475 5516
5372 8535
5843 9329
5735 8184
8680 5469
8442 5646
8168 5872
6025 8134
4989 9044
6507 7529
8331 5932
8796 5610
7880 6253
7921 6234
5896 8527
7385 6718
8893 5605
9080 5331
9406 6848
9557 6445
6941 7758
7337 7303
6679 8098
6603 8403
7551 7269
6683 8284
9601 6564
7846 6968
6456 8655
7476 7432
6836 8215
7068 9325
8875 6299
7636 7546
6546 8773
8313 7001
8257 7141
9621 7066
9002 6434
9024 6421
8848 6756
7016 8797
7137 8730
7414 8512
9473 9343
7384 8666
7005 8901
7504 8571
8683 7446
8713 7433
8182 8112
6984 9037
8806 7426
9018 7015
7631 8736
8748 7722
8608 9375
7671 8954
8572 8305
7992 8860
8469 8577
8764 8369
8217 8917
8039 9853
9067 7991
9578 9054
9074 9420
8793 9815
2026061171 2128018622
1
sift 254
239 454
455 2255
309 392
566 315
435 2500
475 334
232 705
1259 5362
369 526
668 363
403 602
341 884
797 428
718 545
357 1208
769 523
616 632
384 1195
1443 433
590 808
990 603
913 652
665 809
652 836
491 1261
907 679
736 872
723 932
935 804
592 1332
1167 867
637 1566
739 1650
2269 678
681 2007
1175 1192
1084 1317
682 2115
2011 794
724 2171
2082 823
2755 771
914 2049
1682 1223
1044 1942
1036 2198
1846 1297
2426 1048
922 3407
1538 1784
1298 2243
1190 2558
887 4085
1117 3210
2174 1504
1600 2157
1123 3373
2123 1623
1284 2812
5185 1008
2273 1637
1102 3943
2870 1492
1454 2921
5598 1139
1737 2512
2277 1932
1623 2743
1396 3370
1447 3550
2889 1828
1660 3166
2740 2000
2698 2063
1139 5973
2436 2367
1730 3907
1337 5630
4384 1848
2514 2791
2442 2945
1599 4990
2471 2938
2392 3316
2407 3400
1920 4323
1695 5586
3348 2633
2766 3328
4870 2230
3963 2479
3523 2694
3308 2943
2799 3563
1887 5679
2871 3652
4113 2755
2702 4146
2161 5662
2296 5982
4301 3468
2183 6549
4690 3353
4159 3698
4593 3521
3200 4641
3115 5132
3727 4242
2205 7389
6141 3176
3761 4342
6337 3083
2890 5925
3676 4670
6547 3228
5484 3744
6790 3139
6495 3334
3830 4788
3636 5239
3190 6380
2578 7902
6115 3824
4949 4356
2710 7786
3605 5862
4390 4934
3471 6347
5137 4484
8361 3148
3709 6174
5542 4353
4453 5496
4284 5778
5376 4746
3023 8131
4814 5368
4693 5601
4722 5807
5674 5015
2863 9134
6078 4767
2910 9115
5934 4943
5716 5286
5102 5927
5103 5985
6948 4390
4274 6833
5592 5624
5517 5693
8750 3818
7873 4178
7166 4555
4594 6921
4904 6722
4431 7377
4050 8503
5581 6575
3926 8854
4023 8681
8318 4440
6625 5791
5173 7239
5021 7438
5508 6938
4630 8211
4766 8017
6942 5847
4989 7939
5085 7930
8624 4660
8788 4618
8165 5115
8976 4445
8593 4833
7840 5394
5679 7565
8893 4710
5033 8561
7420 6027
4947 8937
6585 6895
6836 6662
8313 5619
5808 8181
7133 6611
7568 6327
6611 7217
6709 7149
7900 6367
6984 7185
6757 7482
9557 6324
8664 6052
8110 6536
9630 6350
7409 7153
7137 7481
8291 6545
6186 8924
8875 6094
7384 7411
7505 7349
7504 7470
6596 8818
7408 7826
7279 8014
7490 7848
7688 7678
8572 6845
8281 7158
6783 8914
7707 7917
8858 6748
7174 9844
8319 7372
7369 8689
9507 8046
8623 7304
7207 8883
9483 8207
8569 7452
8431 7701
7992 9747
8793 7461
7891 8576
7195 9254
9069 7208
7512 9152
9074 7221
8871 7867
9093 7261
8946 7803
9067 7489
7388 9418
8232 8996
8822 8412
8819 9840
8728 8770
8621 8922
8913 8633
8099 9307
8215 9342
8307 9287
8567 9181
9166 8043
9704 9266
9112 8632
8896 9107
8907 9103
9200 8204
9240 8947
9201 9285
2050995335 2115999314
1
sift 61
4820 6883
169 552
2182 5181
225 623
4535 7729
209 885
297 492
394 753
437 1833
645 1026
460 2727
723 1508
678 2399
591 4933
943 1932
902 5667
1595 2573
1589 2783
1119 5475
2004 3191
1872 3784
2550 2559
1980 3860
2393 3032
2033 4302
2463 3817
2703 3343
2707 3447
2210 4845
3085 2925
2886 4110
3755 3110
2638 5844
2543 6405
2348 7325
3776 3291
2778 5558
3075 5074
3385 4609
2506 8633
2702 7772
3263 5840
3373 5969
3523 5705
3371 6158
4007 4760
3527 6083
3536 7098
3405 8153
3489 7910
3669 7268
3588 7881
3563 9572
3478 9898
4133 6901
5236 8105
5368 7867
5001 8910
5008 8983
5591 7958
5431 8989
2050995335 2128018622
1
sift 100
1476 1842
313 315
267 170
2165 3736
327 334
2838 6332
367 399
291 436
391 503
534 607
348 754
683 715
663 788
583 917
796 769
706 847
624 1064
1383 799
1124 983
1060 1249
1346 1139
2318 1080
1428 1126
896 2379
1814 1719
1288 1473
1474 1665
2171 1774
1494 1950
1426 2782
2317 1794
2086 2027
1615 3348
2640 2729
1587 3676
2333 2354
3244 2397
2953 1935
3001 1980
3012 2879
3060 2272
3933 1725
2763 3644
3049 2598
2942 3283
3437 2573
2802 4635
3533 2524
3098 3694
3653 3204
3446 3331
2957 4355
2541 5914
3649 3372
3284 4228
3090 4251
3905 3135
4535 4204
3139 4770
3503 4877
4820 4510
4156 3780
3830 4743
4937 5034
4061 4385
4807 3787
4659 5848
4319 4238
4991 3713
5144 5847
4774 4520
4925 4387
5582 5230
5254 4082
5385 4125
6304 4774
5591 4360
4349 6849
5346 6765
5139 5406
4210 7745
4641 8641
4544 7608
6001 4981
6060 6143
5284 6502
4806 8002
5980 8063
5029 7664
5834 6091
6614 7940
5036 8127
6186 5653
6989 8296
5066 8277
4738 9148
6283 6389
6121 6598
6881 9253
6843 9325
2115999314 2128018622
1
sift 291
253 153
167 183
44 26
394 239
2602 1524
53 50
751 391
278 317
66 41
1093 538
2346 2318
40 74
1067 353
710 373
75 46
2296 1076
3170 2225
94 84
803 395
695 579
130 113
7390 5503
213 313
1068 511
1259 783
261 458
8092 5699
271 490
1765 861
1996 1200
361 455
8875 6434
500 424
1990 973
1880 1460
560 411
7773 8395
506 459
2016 987
2896 1438
607 430
8455 9558
385 622
2357 974
3352 2019
907 368
666 436
2842 949
6094 2748
400 648
661 471
3445 1316
4725 3611
477 669
464 681
3018 1541
5498 3789
554 606
924 482
3214 1673
5950 5156
584 759
939 607
3920 1467
7409 4298
941 666
899 791
3643 1967
6689 5053
937 794
874 876
4022 2044
8265 5387
1116 789
759 1112
4071 2143
8935 6773
813 1053
959 983
4351 2023
8131 9014
756 1293
1332 847
3558 3554
875 1279
998 1282
5847 2345
1525 888
596 2313
6850 2747
1225 1089
917 1411
1597 952
1166 1244
1894 917
1842 943
1431 1182
952 1697
1410 1214
1324 1331
1743 1111
1335 1353
1082 1836
1213 1674
2283 1042
1925 1254
1465 1514
1554 1511
1714 1421
1721 1425
1356 1777
1458 1746
1540 1662
1668 1546
837 3457
1086 2518
1776 1567
1617 1763
1629 1956
1838 1811
1827 1848
3026 1339
1917 1809
5161 980
1758 2028
1900 1935
1707 2185
1938 1951
1677 2278
3636 1319
3208 1508
3223 1608
2258 2114
3238 1642
1898 2531
4306 1691
2253 2768
1309 5262
2653 2495
2130 3083
4837 1667
2604 2691
2762 2608
5264 1708
5040 1852
5517 1736
2926 2909
3009 2857
3084 2864
4748 2161
3224 2872
4444 2274
2380 3797
3022 3328
3366 3007
2655 3734
3154 3225
5632 2054
3101 3336
3104 3383
5357 2200
3218 3404
5580 2223
3340 3425
4065 2880
3249 3632
4501 2648
3287 3637
3512 3501
4835 2790
4901 2813
5639 2638
6114 2548
4407 3621
3566 4392
5095 3460
4695 3694
6203 2902
5342 3446
3987 4285
6470 2779
5971 3283
4889 3990
5510 3805
5000 4147
6070 3644
6291 3653
5341 4178
5269 4291
7190 3323
4848 4679
5938 3928
5474 4338
5748 4209
5336 4588
5770 4286
7387 3552
4822 5280
7819 3453
5162 5161
5605 4710
6079 4390
5076 5518
6110 4426
6522 4238
5414 5344
6906 4131
5513 5404
5457 5511
6024 4884
5749 5325
7089 4313
8331 3936
7729 4204
5646 6139
5660 6208
7692 4421
7957 4359
8146 4280
6681 5237
7704 4641
5823 6491
8014 4615
8072 4628
8367 4464
7893 4773
7718 4904
8223 4673
8030 4913
6445 6324
7759 5268
8681 4644
7834 5475
9042 4470
7281 6046
9446 5127
9536 5005
7618 5994
7982 5731
9712 5002
6858 6720
6365 7541
8487 5896
6277 8000
8018 6389
9683 5764
8371 6303
7255 7076
6616 7985
8435 6520
7484 7239
8214 6663
9426 6681
7737 7377
9310 7203
9314 7451
8506 6921
7991 7489
9528 6910
9881 6489
8870 6694
6945 9948
9420 7221
9284 9727
8869 6818
7480 9783
9542 7159
8617 7242
8571 7470
8666 7411
9470 7587
9316 9740
9290 9850
9616 7369
8729 7480
8135 8381
9521 7811
9036 7184
9456 8160
9539 7964
9999 7107
9527 9710
8441 8444
9509 8306
8654 9768
8612 9859
9589 8481
9115 7724
9232 7559
9552 9967
8985 8854
