20455773 394590645
1
sift 62
43 55
26 45
45 56
74 71
44 49
56 84
71 82
64 86
67 88
77 107
93 126
76 100
262 251
122 120
80 92
258 263
222 250
79 105
297 284
225 292
85 97
276 306
298 247
82 108
327 336
271 345
87 116
330 344
263 359
84 121
396 415
310 316
95 124
425 433
108 125
432 438
112 143
528 476
164 144
516 526
189 165
508 572
167 212
183 210
251 208
254 223
244 265
209 320
257 283
407 172
282 305
280 363
335 374
323 420
346 377
385 365
368 397
369 398
404 441
443 508
527 550
533 563
282548764 785519142
1
sift 53
34 9
12 6
344 248
13 8
32 12
48 15
42 22
51 41
68 33
125 55
133 49
106 76
114 73
144 65
162 59
134 70
184 66
179 81
138 111
197 80
167 109
201 95
185 102
146 129
172 116
192 107
202 106
168 135
212 110
163 187
222 155
250 151
239 165
203 244
271 139
274 147
269 175
318 134
246 237
285 198
312 163
256 257
298 205
311 211
253 282
333 192
279 287
350 232
326 274
304 315
342 279
355 259
360 297
323167612 1049429640
1
sift 69
308 177
41 27
3 7
102 63
34 20
50 38
36 21
240 124
37 24
76 53
38 26
209 145
44 29
202 87
48 28
354 206
40 33
189 197
66 41
63 50
229 215
82 48
79 51
93 60
110 75
109 111
148 82
167 84
164 97
181 91
183 99
172 105
179 118
198 106
201 107
215 103
213 110
210 123
197 136
228 126
199 146
257 120
238 134
259 125
235 138
296 115
264 135
252 149
239 187
285 164
291 168
266 180
366 129
323 176
286 205
324 185
311 195
339 181
334 198
306 221
316 219
340 199
314 226
319 228
356 201
351 208
358 212
346 240
369 243
510607587 1283968274
1
sift 93
117 189
84 102
44 36
334 324
332 374
46 40
169 274
106 141
61 46
59 51
203 304
65 59
70 72
253 315
77 75
72 80
306 393
71 83
88 112
86 120
97 106
95 110
96 124
108 127
111 131
103 169
119 142
152 121
149 122
116 152
129 153
126 167
142 160
139 164
160 147
124 196
135 233
190 159
206 149
181 186
211 162
193 202
158 273
198 206
180 244
210 204
184 254
213 214
192 246
219 224
281 184
240 226
265 229
246 243
271 238
233 256
178 346
220 278
254 251
238 266
225 287
278 249
199 329
242 280
217 321
344 211
237 299
326 237
245 308
258 309
277 325
234 359
300 305
287 333
290 328
340 297
296 327
362 284
302 340
230 395
358 301
288 367
301 369
354 337
404 313
343 366
380 344
378 370
379 372
422 356
474 335
484 388
497 390
1283968274 1446341273
1
sift 83
382 323
57 76
0 0
240 252
112 171
6 32
102 109
9 29
353 385
192 314
12 40
24 45
345 317
16 63
39 34
340 339
35 49
37 65
329 382
43 66
45 67
348 376
51 68
69 73
62 95
63 105
65 106
79 98
80 102
100 83
98 126
105 117
90 160
124 142
128 139
122 155
116 196
125 176
292 125
196 146
160 157
154 173
236 141
121 212
153 191
165 194
186 183
171 210
225 201
238 202
188 218
214 211
178 224
180 230
168 249
173 260
224 222
246 217
249 215
239 246
164 342
185 312
251 240
273 226
213 302
304 223
218 310
305 232
198 369
228 329
328 244
307 272
276 324
309 291
315 285
261 377
285 349
300 347
372 266
326 337
366 361
284 395
389 352
1430520676 1739492887
1
sift 80
18 25
15 43
16 48
17 50
29 44
14 73
28 52
26 68
35 61
40 55
33 64
36 63
54 72
45 80
53 75
64 62
59 79
65 86
70 87
75 109
74 123
84 111
80 116
90 121
107 126
105 158
108 160
155 151
139 170
146 162
125 192
122 194
112 223
140 197
132 212
130 225
128 228
134 224
145 222
158 243
171 230
177 239
187 232
181 249
165 264
153 306
194 253
166 289
206 246
188 271
210 260
189 295
193 315
215 279
195 343
212 299
242 265
221 309
200 399
245 293
237 308
283 286
280 302
239 356
231 389
228 418
259 366
238 403
260 370
305 325
264 369
273 373
269 383
301 355
254 417
297 387
300 386
306 380
308 410
309 408
1430520676 2015013291
1
sift 58
7 11
15 16
40 19
28 31
36 29
54 26
26 48
33 45
65 56
80 59
95 136
146 96
139 104
123 119
130 156
152 145
133 163
177 138
128 175
181 160
194 161
165 180
158 216
212 168
186 187
188 188
166 231
221 173
189 219
169 249
215 193
228 203
245 190
195 257
269 196
268 205
259 224
300 199
239 238
309 198
233 263
279 235
271 256
287 253
295 251
308 242
254 301
306 278
262 311
261 325
276 321
238 373
282 330
251 375
250 402
298 405
302 428
315 350
1539772914 1898130451
1
sift 68
152 149
25 16
54 25
265 439
59 23
78 27
68 41
87 38
129 80
108 96
124 81
172 109
153 127
149 141
159 179
176 165
179 169
182 172
195 182
186 197
192 255
248 171
218 207
279 180
296 189
321 191
222 265
259 235
353 193
213 311
263 269
294 233
240 307
280 260
318 239
333 227
262 292
342 231
328 240
383 219
364 243
403 256
384 281
372 291
305 335
249 407
435 262
348 320
310 342
260 399
395 327
287 422
408 322
382 363
326 415
447 331
379 386
430 344
444 340
414 366
289 483
312 470
314 467
398 423
405 417
396 459
469 393
467 486
1539772914 2015013291
1
sift 64
361 249
121 91
22 2
339 365
28 7
418 371
38 5
27 10
36 11
24 18
44 19
64 16
55 27
49 31
46 36
59 32
86 29
124 56
129 69
142 95
159 99
175 100
167 104
160 134
186 111
200 103
182 120
195 138
241 160
234 164
249 170
262 168
216 214
263 180
260 192
345 176
287 191
280 197
295 186
285 200
288 208
358 188
325 202
331 204
383 198
322 230
372 225
384 222
335 250
379 238
357 247
398 235
312 278
382 252
420 256
395 268
430 259
462 257
350 312
403 296
447 287
370 324
469 357
449 429
